{
    "ear_pts":[[74.065094,-99.00643,-23.939557],[-75.80457,-98.979853,-23.43596]],
    "face_pts":[[0,0,0],[-16.741764,-2.229291,-5.850382],[-24.864997,-4.721214,-3.334787],[-35.610057,-10.059299,-1.51826],[-48.093764,-17.265705,-3.570424],[-57.400598,-27.01891,-9.059715],[56.178315,-25.963079,-10.616289],[46.823531,-16.124939,-5.14184],[34.868095,-9.229581,-2.626483],[24.406486,-4.179462,-3.833938],[16.092945,-1.743161,-6.011052],[-1.31289,25.20048,-54.037821],[-61.77,-40.990638,-27.316429],[60.584271,-40.475534,-28.226041],[-35.854209,-19.477092,-35.900767],[34.988895,-18.397815,-36.487894],[20.157535,-14.365835,-35.176514],[16.056548,-12.230066,-33.165899],[12.026161,-8.233739,-30.069618],[8.433896,-1.46974,-26.206139],[3.093271,4.453225,-22.034873],[-0.695991,5.226982,-20.843488],[-4.566265,4.521174,-21.896293],[-10.022461,-1.394658,-25.643728],[-13.51329,-8.521007,-29.331402],[-17.14065,-12.824831,-32.335467],[-21.129429,-15.161094,-34.588901],[19.313258,-15.889728,-29.092166],[9.598567,-7.707952,-21.024552],[6.607108,-1.593239,-16.353801],[3.709588,0.638056,-14.84246],[-0.416242,1.411325,-13.836868],[-4.628641,0.669634,-14.700037],[-7.703319,-1.59526,-16.028517],[-10.922904,-7.811703,-20.384443],[-19.61237,-16.483127,-28.260519],[20.368012,-16.506225,-25.288095],[17.691402,-17.881813,-23.906569],[14.01563,-15.82579,-20.844374],[11.098527,-9.609435,-18.132173],[8.906454,-2.545475,-12.835698],[5.290113,-0.086891,-10.704378],[-0.2692,0.846695,-9.790484],[-5.831388,-0.140277,-10.741239],[-9.650286,-2.648479,-12.730123],[-12.214175,-9.687857,-17.517165],[-14.399651,-15.95521,-20.259492],[-17.417302,-18.125464,-23.334295],[-20.156985,-17.072541,-24.619511]],
    "pupil_pts":[[-30.851445,-16.600118,-18.523387],[33.909523,-16.345092,-19.557749]],
    "face_distance":"377.00",
    "ear_pts_edited":[[79.67109680175781,-102.13204193115234,-10.750438690185547],[-73.46707153320312,-101.47109985351562,-12.384864807128906]],
    "pitch_yaw_roll":[-3.12333584,0.00513517344,-0.0296388213],
    "pupil_pts_edited":[[-30.295902252197266,-17.20348358154297,-19.63947105407715],[30.8322696685791,-16.520254135131836,-18.98423194885254]],
    "pitch_yaw_roll_edited":[0,0,0]
}
